0 0 0 0
0 0 0 0
0 0 0 0
0 0 0 0
0 0 0 0
0 0 0 0
0 0 0 0
0 0 0 0
0 0 0 0
0 0 0 0
0 0 0 0
0 0 0 0
0 0 0 0
0 0 0 0
0 0 0 0
0 0 0 0
0 0 0 0
0 0 0 0
0 0 0 0
0 0 0 0
0 0 0 0
0 0 0 0
0 0 0 0
0 0 0 0
0 0 0 0
0 0 0 0
0 0 0 0
0 0 0 0
0 0 0 0
0 0 0 0
0 0 0 0
0 0 0 0
0 0 0 0
0 0 0 0
0 0 0 0
0 0 0 0
0 0 0 0
0 0 0 0
0 0 0 0
0 0 0 0
0 0 0 0
0 0 0 0
0 0 0 0
0 0 0 0
0 0 0 0
0 0 0 0
0 0 0 0
0 0 0 0
0 0 0 0
0 0 0 0
0 0 0 0
0 0 0 0
0 0 0 0
0 0 0 0
0 0 0 0
0 0 0 0
0 0 0 0
0 0 0 0
0 0 148 148
148 148 148 148
148 148 148 148
148 148 0 0
0 0 0 0
0 0 148 148
148 148 148 148
148 148 148 148
148 148 0 0
0 0 0 0
222 222 222 222
222 222 222 222
222 222 222 222
222 222 0 0
0 0 0 222
222 222 222 222
222 222 222 222
222 222 222 0
0 0 0 0
0 0 242 250
250 250 250 250
250 250 250 250
250 0 0 0
0 0 0 0
0 242 250 250
250 250 250 250
250 250 250 0
0 0 0 0
0 0 0 0
0 222 222 222
222 222 222 222
222 222 222 222
222 222 222 0
0 0 0 0
0 0 0 0
0 0 0 0
0 0 0 0
0 0 0 0
0 0 0 195
195 195 195 195
195 195 195 195
195 195 195 195
0 0 0 0
0 0 0 0
195 195 195 195
195 195 195 195
195 195 195 195
195 0 0 0
0 0 0 186
186 186 186 186
186 186 186 186
186 186 186 186
0 0 0 0
0 0 186 186
186 186 186 186
186 186 186 186
186 186 186 0
0 0 0 0
0 0 163 163
163 163 163 163
163 163 163 163
163 163 0 0
0 0 0 0
0 0 0 163
163 163 163 163
163 163 163 163
163 163 163 163
0 0 0 0
0 0 0 0
0 148 148 148
148 148 148 148
148 148 0 0
0 0 0 0
0 0 0 0
0 0 0 0
0 0 0 0
0 0 0 0
0 0 0 0
0 0 0 0
0 0 0 222
222 222 222 222
222 222 222 222
222 222 0 0
0 0 0 0
0 0 0 0
222 222 222 222
222 222 222 222
0 0 0 0
0 0 0 0
0 0 0 195
195 195 195 195
195 195 195 195
195 0 0 0
0 0 0 0
0 0 195 195
195 195 195 195
195 195 195 195
195 195 195 0
0 0 0 0
0 0 186 186
186 186 186 186
186 186 186 186
186 0 0 0
0 0 0 0
0 186 186 186
186 186 186 186
186 186 186 186
0 0 0 0
0 0 0 0
0 0 163 163
163 163 163 163
163 163 163 163
163 163 163 163
0 0 0 0
0 0 0 0
0 0 0 0
0 0 0 0
0 0 0 0
0 0 0 0
0 0 0 222
222 222 222 222
222 222 222 222
222 222 222 0
0 0 0 0
0 222 222 222
222 222 222 222
222 0 0 0
0 0 0 0
0 0 0 0
195 195 195 195
195 195 195 195
195 195 195 195
195 195 195 195
195 0 0 0
0 0 0 0
0 0 0 0
0 0 0 0
0 0 0 0
0 186 186 186
186 186 186 186
186 186 186 186
0 0 0 0
0 0 0 186
186 186 186 186
186 186 186 186
186 186 186 0
0 0 0 0
0 0 163 163
163 163 163 163
163 163 163 163
163 163 163 0
0 0 0 0
0 0 0 0
0 0 0 0
0 0 0 0
0 0 0 0
0 0 0 0
0 0 148 148
148 148 148 148
148 148 148 148
0 0 0 0
0 0 0 0
0 148 148 148
148 148 148 148
148 148 0 0
0 0 0 0
0 0 0 222
222 222 222 222
222 222 222 222
222 222 222 222
0 0 0 0
0 0 0 222
222 222 222 222
222 222 222 222
222 222 222 0
0 0 0 0
0 0 242 250
250 250 250 250
250 250 250 250
0 0 0 0
0 0 0 0
0 242 250 250
250 250 250 250
250 250 250 0
0 0 0 0
0 0 0 0
0 222 222 222
222 222 222 222
222 222 222 222
222 222 222 222
222 222 222 0
0 0 0 0
0 0 0 0
0 0 0 0
0 0 0 0
0 0 0 0
195 195 195 195
195 195 195 195
195 195 195 0
0 0 0 0
0 0 195 195
195 195 195 195
195 195 195 195
195 195 0 0
0 0 0 0
0 186 186 186
186 186 186 186
186 186 186 186
186 186 0 0
0 0 0 0
0 186 186 186
186 186 186 186
186 186 186 186
186 0 0 0
0 0 0 0
163 163 163 163
163 163 163 163
163 163 163 163
0 0 0 0
0 0 0 163
163 163 163 163
163 163 163 163
163 163 163 163
0 0 0 0
0 0 0 148
148 148 148 148
148 148 148 148
148 148 148 148
0 0 0 0
0 0 0 0
0 0 0 0
0 0 0 0
0 0 0 0
0 0 0 0
0 0 0 0
0 0 0 0
0 0 0 0
0 0 0 0
0 0 0 0
0 0 0 0
0 0 0 0
0 0 0 0
0 0 0 0
0 0 0 0
0 0 0 0
0 0 0 0
0 0 0 0
0 0 0 0
0 0 0 0
0 0 0 0
0 0 0 0
0 0 0 0
0 0 0 0
0 0 0 0
0 0 0 0
0 0 0 0
0 0 0 0
0 0 0 0
0 0 0 0
0 0 0 0
0 0 0 0
0 0 0 0
0 0 0 0
0 0 0 0
0 0 0 0
0 0 0 0
0 0 0 0
0 0 0 0
0 0 0 0
0 0 0 0
